         1        -721.0391             +nan
         2        -655.4527         +65.5863
         3        -649.6796          +5.7731
         4        -645.7263          +3.9533
         5        -643.3095          +2.4168
         6        -642.0839          +1.2256
         7        -641.4752          +0.6087
         8        -641.1142          +0.3610
         9        -640.8493          +0.2649
        10        -640.6299          +0.2194
        11        -640.4400          +0.1899
        12        -640.2740          +0.1660
        13        -640.1289          +0.1451
        14        -640.0017          +0.1272
        15        -639.8894          +0.1124
        16        -639.7887          +0.1007
        17        -639.6966          +0.0920
        18        -639.6108          +0.0858
        19        -639.5293          +0.0816
        20        -639.4504          +0.0789
        21        -639.3731          +0.0773
        22        -639.2965          +0.0766
        23        -639.2200          +0.0765
        24        -639.1433          +0.0767
        25        -639.0660          +0.0773
        26        -638.9882          +0.0779
        27        -638.9096          +0.0785
        28        -638.8305          +0.0791
        29        -638.7510          +0.0795
        30        -638.6714          +0.0796
        31        -638.5920          +0.0794
        32        -638.5134          +0.0786
        33        -638.4360          +0.0774
        34        -638.3604          +0.0756
        35        -638.2873          +0.0731
        36        -638.2172          +0.0701
        37        -638.1507          +0.0665
        38        -638.0884          +0.0623
        39        -638.0305          +0.0578
        40        -637.9775          +0.0531
        41        -637.9292          +0.0483
        42        -637.8857          +0.0435
        43        -637.8469          +0.0388
        44        -637.8124          +0.0345
        45        -637.7820          +0.0304
        46        -637.7553          +0.0267
        47        -637.7319          +0.0234
        48        -637.7114          +0.0205
        49        -637.6934          +0.0179
        50        -637.6778          +0.0157
        51        -637.6640          +0.0137
        52        -637.6520          +0.0121
        53        -637.6414          +0.0106
        54        -637.6320          +0.0094
