         1       -1233.6167             +nan
         2       -1154.3807         +79.2360
         3       -1119.6361         +34.7447
         4       -1102.7714         +16.8647
         5       -1097.5373          +5.2341
         6       -1095.8962          +1.6411
         7       -1095.4970          +0.3992
         8       -1095.3798          +0.1172
         9       -1095.3284          +0.0514
        10       -1095.3037          +0.0247
        11       -1095.2927          +0.0111
        12       -1095.2882          +0.0045
